-------------- 原始矩阵 --------------
178 201 234 228 201 184 211 226 
179 203 226 234 211 205 230 226 
167 169 183 188 212 216 192 178 
132 131 146 145 157 162 152 144 
111 107 122 127 139 133 93 78 
81 95 109 114 119 103 92 84 
114 114 127 137 141 148 139 126 
174 175 190 201 204 199 162 137 
------------- 经过DCT之后的矩阵 ------
256.75 -23.7154 -84.0351 -3.40292 -7.5 5.07135 7.47806 5.1144 
214.969 -28.5181 25.3072 -46.8464 -0.157301 5.70701 -6.75496 4.63852 
198.55 1.12308 4.08211 -36.2267 0.438726 10.8437 -8.26193 -2.03485 
-138.744 11.0902 6.68845 -33.1229 5.75282 1.22511 -5.25239 2.47614 
15.25 28.757 -7.15045 1.76387 2.5 -0.754425 7.56198 0.476612 
-31.6269 -25.5334 22.024 -1.76233 -0.423348 0.0319349 2.51319 2.8393 
-5.39233 13.0149 -14.0119 7.81173 1.71246 -9.4611 2.66789 3.38627 
1.17577 5.15108 -9.95694 21.0439 1.03734 -3.78919 7.94226 -1.39095 
------------- 量化后的矩阵 ----------
12 -1 -5 -0 -0 0 0 0 
12 -2 1 -2 -0 0 -0 0 
10 0 0 -1 0 0 -0 -0 
-7 0 0 -1 0 0 -0 0 
1 1 -0 0 0 -0 0 0 
-1 -0 0 -0 -0 0 0 0 
-0 0 -0 0 0 -0 0 0 
0 0 -0 0 0 -0 0 -0 
------------- 逆量化后的矩阵 ----------
264 -17 -80 -0 -0 0 0 0 
216 -36 20 -50 -0 0 -0 0 
200 0 0 -36 0 0 -0 -0 
-140 0 0 -41 0 0 -0 0 
24 34 -0 0 0 -0 0 0 
-36 -0 0 -0 -0 0 0 0 
-0 0 -0 0 0 -0 0 0 
0 0 -0 0 0 -0 0 -0 
------------- ICDT后的矩阵 ------------
171.562 207.301 238.84 233.565 203.506 188.232 205.629 231.369 
179.099 199.119 220.614 226.931 220.215 215.725 221.936 231.148 
169.918 171.435 178.851 192.84 205.589 207.278 197.299 186.514 
145.925 140.986 141.628 153.223 165.593 162.937 143.423 124.233 
110.337 112.615 118.897 127.513 131.277 123.53 106.671 92.5857 
80.9335 90.3454 104.14 114.887 116.827 109.26 97.1539 88.2518 
114.417 119.469 130.008 142.569 148.667 141.42 123.948 109.192 
187.702 183.445 184.962 196.306 205.542 196.27 168.633 143.76 
