-------------- 原始矩阵 --------------
118 122 124 135 145 163 179 195 
127 131 127 126 137 150 154 162 
122 127 129 127 127 140 144 144 
127 123 119 119 122 129 132 135 
132 126 124 118 116 112 114 116 
133 129 135 136 131 124 120 124 
136 137 146 150 150 154 157 157 
148 148 156 161 165 171 178 174 
------------- 经过DCT之后的矩阵 ------
80.875 -57.153 15.0999 -2.99666 -1.125 1.35042 2.81044 -0.956065 
-27.1301 -38.5788 21.0726 0.435029 -3.33161 -6.42197 -0.364758 -3.78841 
98.7387 -58.966 0.765165 -1.91563 -1.45347 0.271664 -1.21859 -1.16934 
-24.6894 6.74292 -0.616814 -4.68578 8.61118 -1.36391 0.744463 0.372389 
6.625 -11.7312 9.05226 1.84138 2.625 1.12093 -1.99068 0.818065 
8.89222 -19.979 -0.445843 -1.87647 0.419085 2.29023 -0.0326122 -2.15353 
0.90849 0.367479 -4.96859 -3.59916 0.737346 2.52446 0.234835 -0.74767 
-1.1757 -0.800974 0.280826 -3.18159 -3.02238 2.04163 -0.47457 0.474347 
------------- 量化后的矩阵 ----------
4 -3 1 -0 -0 0 0 -0 
-2 -2 1 0 -0 -0 -0 -0 
5 -3 0 -0 -0 0 -0 -0 
-1 0 -0 -0 0 -0 0 0 
0 -0 0 0 0 0 -0 0 
0 -0 -0 -0 0 0 -0 -0 
0 0 -0 -0 0 0 0 -0 
-0 -0 0 -0 -0 0 -0 0 
------------- 逆量化后的矩阵 ----------
88 -51 16 -0 -0 0 0 -0 
-36 -36 20 0 -0 -0 -0 -0 
100 -57 0 -0 -0 0 -0 -0 
-20 0 -0 -0 0 -0 0 0 
0 -0 0 0 0 0 -0 0 
0 -0 -0 -0 0 0 -0 -0 
0 0 -0 -0 0 0 0 -0 
-0 -0 0 -0 -0 0 -0 0 
------------- ICDT后的矩阵 ------------
122.882 123.328 125.965 132.958 145.056 160.419 174.892 183.707 
126.087 125.584 126.294 130.427 138.992 150.686 162.089 169.148 
128.949 127.193 125.265 125.317 128.658 134.779 141.432 145.745 
129.253 126.837 123.265 120.343 119.409 120.605 122.856 124.557 
129.449 127.565 124.517 121.385 119.081 117.955 117.744 117.865 
133.76 133.518 133.082 132.537 131.976 131.485 131.127 130.94 
142.287 144.05 146.994 150.232 152.957 154.756 155.666 155.99 
149.499 152.616 157.889 163.826 169.036 172.727 174.822 175.693 
