-------------- 原始矩阵 --------------
152 156 150 153 156 161 161 166 
148 149 149 150 152 160 161 167 
149 148 145 148 157 163 169 166 
141 146 143 148 143 143 140 135 
127 124 123 116 114 115 114 111 
90 97 106 93 88 84 77 73 
106 114 116 115 116 116 111 112 
119 127 133 137 135 154 162 166 
------------- 经过DCT之后的矩阵 ------
46.75 -19.1728 0.804995 -2.76144 -8.5 -1.60673 1.29015 -3.25113 
129.122 -5.03973 8.98411 7.9362 5.57939 -2.09546 -2.89861 -0.683712 
62.5985 -38.8107 7.63909 -3.81353 -0.1285 -2.08209 1.06066 -3.75202 
-105.705 39.4168 -7.50821 -3.51108 -0.45654 -3.34746 3.04731 2.86114 
47 -5.70637 5.17701 0.095747 0.25 2.37687 -1.87379 -3.86053 
1.94817 8.28835 -9.62989 2.19543 1.6858 -3.00669 -3.78676 -1.10702 
-10.2344 -5.43876 1.06066 -0.207735 -2.92335 1.33966 -0.139087 2.20326 
16.9191 -7.64082 8.70905 6.11932 1.71613 -0.713293 -1.02592 2.0575 
------------- 量化后的矩阵 ----------
2 -1 0 -0 -0 -0 0 -0 
7 -0 0 0 0 -0 -0 -0 
3 -2 0 -0 -0 -0 0 -0 
-5 2 -0 -0 -0 -0 0 0 
2 -0 0 0 0 0 -0 -0 
0 0 -0 0 0 -0 -0 -0 
-0 -0 0 -0 -0 0 -0 0 
0 -0 0 0 0 -0 -0 0 
------------- 逆量化后的矩阵 ----------
44 -17 0 -0 -0 -0 0 -0 
126 -0 0 0 0 -0 -0 -0 
60 -38 0 -0 -0 -0 0 -0 
-100 46 -0 -0 -0 -0 0 0 
48 -0 0 0 0 0 -0 -0 
0 0 -0 0 0 -0 -0 -0 
-0 -0 0 -0 -0 0 -0 0 
0 -0 0 0 0 -0 -0 0 
------------- ICDT后的矩阵 ------------
154.269 154.601 155.213 156.014 156.88 157.68 158.293 158.624 
144.814 146.141 148.592 151.795 155.261 158.464 160.915 162.241 
142.71 144.3 147.238 151.076 155.231 159.07 162.008 163.598 
143.262 143.354 143.524 143.747 143.988 144.21 144.381 144.473 
127.461 125.645 122.29 117.907 113.162 108.778 105.423 103.607 
105.409 103.631 100.345 96.0517 91.4049 87.1119 83.8261 82.0479 
105.278 105.934 107.147 108.732 110.448 112.033 113.246 113.903 
121.218 124.405 130.294 137.988 146.316 154.01 159.899 163.086 
