-------------- 原始矩阵 --------------
195 192 197 207 213 199 153 137 
167 163 156 158 166 162 137 145 
153 150 146 144 144 140 140 150 
144 136 135 129 127 139 152 154 
116 112 116 120 140 162 157 148 
128 133 141 153 160 161 148 141 
156 158 161 161 161 157 141 148 
166 165 165 166 161 153 150 149 
------------- 经过DCT之后的矩阵 ------
199 7.07322 -25.4231 19.7695 3.75 -7.09832 9.1776 -3.55294 
41.162 26.0885 -9.44733 12.1927 3.75832 -5.26241 3.62832 -1.45815 
106.051 65.2453 -37.1902 2.72711 9.20878 -7.30283 1.41637 -2.56947 
26.897 -13.2479 -40.5125 19.8646 -4.26368 -2.42041 4.16437 -2.34143 
15.75 -6.8554 1.15485 8.0167 -6.5 7.66322 -0.478354 2.03376 
26.1863 21.312 -1.5042 -8.57727 1.39257 2.51413 0.363836 0.323185 
12.3565 3.85858 -13.0836 -2.30174 1.32696 3.29225 -4.30977 1.07486 
-1.0702 -6.61501 -2.59058 4.69134 -1.06388 -2.77784 2.09057 0.532868 
------------- 量化后的矩阵 ----------
9 0 -2 1 0 -0 0 -0 
2 1 -0 0 0 -0 0 -0 
5 3 -2 0 0 -0 0 -0 
1 -1 -1 0 -0 -0 0 -0 
1 -0 0 0 -0 0 -0 0 
1 0 -0 -0 0 0 0 0 
0 0 -0 -0 0 0 -0 0 
-0 -0 -0 0 -0 -0 0 0 
------------- 逆量化后的矩阵 ----------
198 0 -32 22 0 -0 0 -0 
36 18 -0 0 0 -0 0 -0 
100 57 -44 0 0 -0 0 -0 
20 -23 -34 0 -0 -0 0 -0 
24 -0 0 0 -0 0 -0 0 
36 0 -0 -0 0 0 0 0 
0 0 -0 -0 0 0 -0 0 
-0 -0 -0 0 -0 -0 0 0 
------------- ICDT后的矩阵 ------------
179.44 185.923 196.853 206.28 205.608 190.262 166.158 147.869 
160.644 159.553 159.933 162.31 162.606 156.099 143.915 133.94 
156.528 148.406 139.336 136.293 139.566 143.98 145.456 144.791 
146.828 139.199 131.589 131.526 139.396 149.321 155.837 158.197 
120.976 119.675 121.541 129.526 140.573 148.323 149.858 148.322 
122.538 125.871 134.054 145.902 155.527 156.786 149.992 142.734 
151.32 153.476 159.079 166.757 170.848 166.052 154.013 143.695 
167.786 166.509 166.418 167.93 166.971 159.01 145.522 134.773 
